waypoints:
- frame_id: map
  name: 69.2464141846_11.5018987656
  pose:
    orientation:
      w: 1
      x: 0
      y: 0
      z: 0
    position:
      x: 69.24641418457031
      y: 11.501898765563965
      z: 0.003631591796875
